nid,location_id,location,date,total_cases,total_tests,daily_tests,tests_units
456352,61,Moldova,25.09.2020,,,,tests processed
456352,61,Moldova,24.09.2020,49666,271360,2614,tests processed
456352,61,Moldova,23.09.2020,48953,268746,2621,tests processed
456352,61,Moldova,22.09.2020,48232,266125,3438,tests processed
456352,61,Moldova,21.09.2020,47446,262687,2565,tests processed
456352,61,Moldova,20.09.2020,46796,260122,1093,tests processed
456352,61,Moldova,19.09.2020,46596,259029,1142,tests processed
456352,61,Moldova,18.09.2020,46336,257887,2664,tests processed
456352,61,Moldova,17.09.2020,45648,255224,2776,tests processed
456352,61,Moldova,16.09.2020,44983,252447,2815,tests processed
456352,61,Moldova,15.09.2020,44361,249632,2868,tests processed
456352,61,Moldova,14.09.2020,43734,246764,2320,tests processed
456352,61,Moldova,13.09.2020,43207,244444,1204,tests processed
456352,61,Moldova,12.09.2020,42978,243240,1098,tests processed
456352,61,Moldova,11.09.2020,42714,242142,2626,tests processed
456352,61,Moldova,10.09.2020,42183,239516,2465,tests processed
456352,61,Moldova,09.09.2020,41704,237051,2743,tests processed
456352,61,Moldova,08.09.2020,41144,234308,2982,tests processed
456352,61,Moldova,07.09.2020,40556,231326,2513,tests processed
456352,61,Moldova,06.09.2020,40055,228813,1368,tests processed
456352,61,Moldova,05.09.2020,39797,227445,1145,tests processed
456352,61,Moldova,04.09.2020,39473,226300,2628,tests processed
456352,61,Moldova,03.09.2020,38906,223672,2572,tests processed
456352,61,Moldova,02.09.2020,38372,221100,2736,tests processed
456352,61,Moldova,01.09.2020,37740,218364,2524,tests processed
456352,61,Moldova,31.08.2020,37208,215747,1370,tests processed
456352,61,Moldova,30.08.2020,36920,214377,1253,tests processed
456352,61,Moldova,29.08.2020,36700,213124,989,tests processed
456352,61,Moldova,28.08.2020,36404,212135,2445,tests processed
456352,61,Moldova,27.08.2020,35904,209690,1765,tests processed
456352,61,Moldova,26.08.2020,35546,207925,3007,tests processed
456352,61,Moldova,25.08.2020,34982,204918,3407,tests processed
456352,61,Moldova,24.08.2020,34358,201511,2685,tests processed
456352,61,Moldova,23.08.2020,33828,198826,1414,tests processed
456352,61,Moldova,22.08.2020,33478,197412,1438,tests processed
456352,61,Moldova,21.08.2020,33072,195974,3159,tests processed
456352,61,Moldova,20.08.2020,32484,192815,2761,tests processed
456352,61,Moldova,19.08.2020,31937,190054,3242,tests processed
456352,61,Moldova,18.08.2020,31415,186812,2889,tests processed
456352,61,Moldova,17.08.2020,30789,183923,2579,tests processed
456352,61,Moldova,16.08.2020,30377,181344,1155,tests processed
456352,61,Moldova,15.08.2020,30183,181428,1239,tests processed
456352,61,Moldova,14.08.2020,29905,179450,2684,tests processed
456352,61,Moldova,13.08.2020,29483,176766,2359,tests processed
456352,61,Moldova,12.08.2020,29087,173907,2215,tests processed
456352,61,Moldova,11.08.2020,28697,171692,2564,tests processed
456352,61,Moldova,10.08.2020,28223,169128,2174,tests processed
456352,61,Moldova,09.08.2020,27841,166954,1048,tests processed
456352,61,Moldova,08.08.2020,27660,165906,1063,tests processed
456352,61,Moldova,07.08.2020,27443,164843,2406,tests processed
456352,61,Moldova,06.08.2020,26990,162437,2572,tests processed
456352,61,Moldova,05.08.2020,26628,159865,2254,tests processed
456352,61,Moldova,04.08.2020,26222,157611,2058,tests processed
456352,61,Moldova,03.08.2020,25814,155553,2377,tests processed
456352,61,Moldova,02.08.2020,25362,152503,,tests processed
456352,61,Moldova,01.08.2020,25113,151490,,tests processed
456352,61,Moldova,31.07.2020,24733,149168,,tests processed
456352,61,Moldova,30.07.2020,24343,147032,,tests processed
456352,61,Moldova,29.07.2020,23947,145040,,tests processed
456352,61,Moldova,28.07.2020,23521,142844,,tests processed
456352,61,Moldova,27.07.2020,23154,141015,,tests processed
456352,61,Moldova,26.07.2020,23034,140201,,tests processed
456352,61,Moldova,25.07.2020,22828,139178,,tests processed
456352,61,Moldova,24.07.2020,22483,137198,,tests processed
456352;446879,61,Moldova,23.07.2020,22105,135409,1886,tests processed
456352;446879,61,Moldova,22.07.2020,21798,133523,1996,tests processed
456352;446879,61,Moldova,21.07.2020,21442,131527,1733,tests processed
456352;446879,61,Moldova,20.07.2020,21115,129754,679,tests processed
456352;446879,61,Moldova,19.07.2020,20980,129075,999,tests processed
456352;446879,61,Moldova,18.07.2020,20794,128076,1927,tests processed
456352;446879,61,Moldova,17.07.2020,20494,126149,1603,tests processed
456352;446879,61,Moldova,16.07.2020,20264,124546,1889,tests processed
456352;446879,61,Moldova,15.07.2020,20040,122657,1982,tests processed
456352;446879,61,Moldova,14.07.2020,19708,120675,1789,tests processed
456352;446879,61,Moldova,13.07.2020,19439,118886,551,tests processed
456352;446879,61,Moldova,12.07.2020,19382,118335,1071,tests processed
456352;446879,61,Moldova,11.07.2020,19208,117264,1743,tests processed
456352;446879,61,Moldova,10.07.2020,18924,115521,1819,tests processed
456352;446879,61,Moldova,09.07.2020,18666,113702,1720,tests processed
456352;446879,61,Moldova,08.07.2020,18471,111982,2069,tests processed
456352;446879,61,Moldova,07.07.2020,18141,109913,1647,tests processed
456352;446879,61,Moldova,06.07.2020,17906,108226,735,tests processed
456352;446879,61,Moldova,05.07.2020,17814,107531,835,tests processed
456352;446879,61,Moldova,04.07.2020,17672,106696,1832,tests processed
456352;446879,61,Moldova,03.07.2020,17445,104864,1825,tests processed
456352;446879,61,Moldova,02.07.2020,17150,103039,1859,tests processed
456352;446879,61,Moldova,01.07.2020,16898,101180,2246,tests processed
456352;446879,61,Moldova,30.06.2020,16613,98934,1751,tests processed
456352;446879,61,Moldova,29.06.2020,16357,97183,745,tests processed
456352;446879,61,Moldova,28.06.2020,16250,96438,987,tests processed
456352;446879,61,Moldova,27.06.2020,16080,95451,2161,tests processed
456352;446879,61,Moldova,26.06.2020,15776,93290,1812,tests processed
456352;446879,61,Moldova,25.06.2020,15453,91578,1838,tests processed
456352;446879,61,Moldova,24.06.2020,15078,89640,1988,tests processed
456352;446879,61,Moldova,23.06.2020,14714,87652,1787,tests processed
456352;446879,61,Moldova,22.06.2020,14363,85865,1004,tests processed
456352;446879,61,Moldova,21.06.2020,14200,84861,1052,tests processed
456352;446879,61,Moldova,20.06.2020,13953,83809,2019,tests processed
456352;446879,61,Moldova,19.06.2020,13556,81790,2013,tests processed
456352;446879,61,Moldova,18.06.2020,13106,79777,1769,tests processed
456352;446879,61,Moldova,17.06.2020,12732,78008,1943,tests processed
456352;446879,61,Moldova,16.06.2020,12254,76065,1824,tests processed
456352;446879,61,Moldova,15.06.2020,11879,74241,801,tests processed
456352;446879,61,Moldova,14.06.2020,11740,73440,984,tests processed
456352;446879,61,Moldova,13.06.2020,11459,72456,1792,tests processed
456352;446879,61,Moldova,12.06.2020,11093,70664,1646,tests processed
456352;446879,61,Moldova,11.06.2020,10727,69018,1802,tests processed
456352;446879,61,Moldova,10.06.2020,10321,,1587,tests processed
456352;446879,61,Moldova,09.06.2020,10025,65629,905,tests processed
456352;446879,61,Moldova,08.06.2020,9807,64723,568,tests processed
456352;446879,61,Moldova,07.06.2020,9700,64156,828,tests processed
456352;446879,61,Moldova,06.06.2020,9511,63328,1548,tests processed
456352;446879,61,Moldova,05.06.2020,9247,61780,1518,tests processed
456352;446879,61,Moldova,04.06.2020,9018,58813,1449,tests processed
456352;446879,61,Moldova,03.06.2020,8795,58813,1809,tests processed
456352;446879,61,Moldova,02.06.2020,8548,57003,1421,tests processed
456352;446879,61,Moldova,01.06.2020,8360,55582,775,tests processed
456352;446879,61,Moldova,31.05.2020,8251,54808,804,tests processed
456352;446879,61,Moldova,30.05.2020,8098,54004,1539,tests processed
456352;446879,61,Moldova,29.05.2020,7896,52465,1203,tests processed
456352;446879,61,Moldova,28.05.2020,7725,51262,1445,tests processed
456352;446879,61,Moldova,27.05.2020,7537,49817,1663,tests processed
456352;446879,61,Moldova,26.05.2020,7305,48154,1118,tests processed
456352;446879,61,Moldova,25.05.2020,7147,47035,478,tests processed
456352;446879,61,Moldova,24.05.2020,7093,46559,723,tests processed
456352;446879,61,Moldova,23.05.2020,6994,45836,1285,tests processed
456352;446879,61,Moldova,22.05.2020,6847,44551,1217,tests processed
456352;446879,61,Moldova,21.05.2020,6704,43334,1267,tests processed
456352;446879,61,Moldova,20.05.2020,6553,42067,1502,tests processed
456352;446879,61,Moldova,19.05.2020,6340,40565,1288,tests processed
456352;446879,61,Moldova,18.05.2020,6138,39275,508,tests processed
456352;446879,61,Moldova,17.05.2020,6060,38767,933,tests processed
456352;446879,61,Moldova,16.05.2020,5934,37834,1429,tests processed
456352;446879,61,Moldova,15.05.2020,5745,36405,1344,tests processed
456352;446879,61,Moldova,14.05.2020,5553,35061,1103,tests processed
456352;446879,61,Moldova,13.05.2020,5406,33958,1315,tests processed
456352;446879,61,Moldova,12.05.2020,5154,32643,1051,tests processed
456352;446879,61,Moldova,11.05.2020,4995,31592,481,tests processed
456352;446879,61,Moldova,10.05.2020,4927,31111,546,tests processed
456352;446879,61,Moldova,09.05.2020,4867,,1254,tests processed
456352;446879,61,Moldova,08.05.2020,4728,,874,tests processed
456352;446879,61,Moldova,07.05.2020,4605,,739,tests processed
456352;446879,61,Moldova,06.05.2020,4476,27216,775,tests processed
456352;446879,61,Moldova,05.05.2020,4363,26203,924,tests processed
456352;446879,61,Moldova,04.05.2020,4248,21143,696,tests processed
456352;446879,61,Moldova,03.05.2020,4121,20447,368,tests processed
456352;446879,61,Moldova,02.05.2020,4052,,371,tests processed
456352;446879,61,Moldova,01.05.2020,3980,19708,801,tests processed
456352;446879,61,Moldova,30.04.2020,3897,18907,878,tests processed
456352;446879,61,Moldova,29.04.2020,3771,18029,801,tests processed
456352;446879,61,Moldova,28.04.2020,3638,17228,695,tests processed
456352;446879,61,Moldova,27.04.2020,3481,16533,367,tests processed
456352;446879,61,Moldova,26.04.2020,3408,16166,594,tests processed
456352;446879,61,Moldova,25.04.2020,3304,,1024,tests processed
456352;446879,61,Moldova,24.04.2020,3110,14548,857,tests processed
456352;446879,61,Moldova,23.04.2020,2926,13691,792,tests processed
456352;446879,61,Moldova,22.04.2020,2778,12899,696,tests processed
456352;446879,61,Moldova,21.04.2020,2614,12203,241,tests processed
456352;446879,61,Moldova,20.04.2020,2548,,199,tests processed
456352;446879,61,Moldova,19.04.2020,2472,11763,640,tests processed
456352;446879,61,Moldova,18.04.2020,2351,11123,626,tests processed
456352;446879,61,Moldova,17.04.2020,2264,10397,549,tests processed
456352;446879,61,Moldova,16.04.2020,2154,9848,640,tests processed
456352,61,Moldova,15.04.2020,2049,9208,,tests processed
456352;446879,61,Moldova,14.04.2020,1934,,465,tests processed
456352;446879,61,Moldova,13.04.2020,1712,,273,tests processed
456352;446879,61,Moldova,12.04.2020,1662,,439,tests processed
456352,61,Moldova,11.04.2020,,,,tests processed
456352;446879,61,Moldova,10.04.2020,1438,,568,tests processed
456352;446879,61,Moldova,09.04.2020,1289,,534,tests processed
456352;446879,61,Moldova,08.04.2020,1174,,629,tests processed
456352,61,Moldova,07.04.2020,1056,,,tests processed
456352;446879,61,Moldova,06.04.2020,968,,192,tests processed
456352;446879,61,Moldova,05.04.2020,867,,349,tests processed
456352;446879,61,Moldova,04.04.2020,752,,681,tests processed
456352;446879,61,Moldova,03.04.2020,591,,419,tests processed
456352;446879,61,Moldova,02.04.2020,505,,332,tests processed
456352;446879,61,Moldova,01.04.2020,423,,329,tests processed
456352;446879,61,Moldova,31.03.2020,353,,280,tests processed
456352;446879,61,Moldova,30.03.2020,298,,169,tests processed
456352;446879,61,Moldova,29.03.2020,263,,246,tests processed
456352,61,Moldova,28.03.2020,231,,,tests processed
456352,61,Moldova,27.03.2020,199,,,tests processed
456352,61,Moldova,26.03.2020,177,,,tests processed
456352,61,Moldova,25.03.2020,149,,,tests processed
456352,61,Moldova,24.03.2020,125,,,tests processed
